2044440943, 1975455521, 1964200705, 1966021031
2132818695, 2119294510, 2105655507, 2063666348
2114823082, 2051016152, 2005335403, 2171901032
2050298645, 2005881934, 2002999142
2156717922, 2024875714, 1965614349, 2137308459
2058503096, 2048027175, 2146753709, 2093535699
2103279048, 2014950794, 2135384260, 2057569957
1998263113, 1969064066, 2117802778, 2167814583
2114054012, 2147370410, 2054907275, 2006642696
2127428602, 2088295995, 2135739536, 2063019130
2061679993, 2058033966, 2044858321, 2085428535
2081984813, 2089672258, 2049487370, 1988144253
2098575713, 2089138219, 1982239607, 2115721786
2138640277, 2063257831, 2041174694, 2013596093
